StrNummer
5
2
2
76403
1
8458
66
81821
8392
0011
62
8377
7
7
2
06275
7317
9433
611
868
7258
93281
60
2743
1997
43309
948
95508
60280
6321
88347
574
2483
0542
950
922
01
27
4338
3137
46753
3
664
349
67
5724
0511
7
0
6
8893
645
30245
6
2413
40852
44
237
6920
20
98341
80
41528
821
90
53
9
357
0
7187
27359
31474
7
38
8
330
016
8271
847
6
034
430
76539
20
3
22213
221
0465
0281
2950
54670
08713
1873
88306
27
426
952
39
897
497
532
8513
876
37
94
03014
027
2
56439
467
2
4
453
59
8
9886
1
6
1
2974
627
80
15703
28907
70333
458
4
3640
857
94546
8
48
1
0846
271
778
6158
0
506
66081
476
838
72
26409
1084
27799
31575
26
481
2642
8404
49
1792
50
336
54025
3
2
71013
195
30
285
309
139
7298
12908
1084
252
2
9
3373
05444
3113
1
18038
807
2271
7
2755
5714
63
86
0
34
54049
93357
684
83
97
81
3815
19
0524
5
875
352
8
19072
7624
27
5256
1
511
67
8
6118
0820
090
61
174
4854
84174
06
53529
247
2830
8
3077
846
261
8
292
97886
65530
237
731
23
94820
228
0702
91487
94581
3095
7
63263
229
75625
408
37
5
256
190
4
2
45
93
8
2421
9993
419
05
3
2
033
0
66
7
06561
3820
7662
8
18119
9969
567
25
71
5
3573
345
35222
40
4
69349
15
03450
1
64
24
26
81169
1098
637
92
33
314
33221
4231
28
58888
22131
70
2863
831
4848
4423
8278
56459
5
6
11
81429
93605
43
655
261
927
0299
7
84
77
85
7828
9
279
8
5280
09
18646
16
9
657
16
77281
26
8839
13426
485
6006
5727
46023
74757
39359
87382
0
3091
12
00
82
0
6
81716
189
696
238
1603
9
89141
06302
14
67460
4
75
505
64953
12
32
04162
83
061
96
3571
47
547
18221
05113
79
09
24
2383
7
7578
49
3328
0387
854
23567
4
2
64
091
0
5
463
6
51
0
94
04273
2
50
898
037
65
203
107
02893
3831
44067
6908
65541
73
728
71
14916
11
78
1
857
2
94
7494
3
83376
3923
62
712
7
5299
61157
8839
0
39771
0
82576
95
1722
14371
59438
1053
049
99
7
723
740
8116
61
18
5980
79156
02808
8
8851
03057
7
96554
5
493
149
3329
55
3920
634
663
16
16
1457
606
77
87574
707
7
8
9
305
74505
578
28493
22
15
186
56
395
110
3134
0681
019
4432
3637
674
41091
9094
6
4
68
26
93087
6004
3394
8
85086
0
967
0368
78272
6763
6
09182
36
8
716
2239
62905
6
846
2
80353
34
0916
89
78
1
24678
88
1
62
38596
6562
2238
41965
3
233
460
92
292
48
9300
15164
262
11
727
286
33411
5
25
6
1610
3967
58
8223
64
7348
0
8429
56460
4
6
266
27
30
253
77249
34836
624
23956
8682
7
42
59
27
3
38
21
4
96
06
39566
00
1367
47128
9136
76989
3886
19
0413
8
95
13
7
99
340
5
20
323
0071
26022
29562
2508
958
175
8
5275
49
1
20
781
11113
94
94
58
4327
166
101
04
3046
6549
43948
312
0
7
3
36849
47
961
936
28159
878
28118
868
2
41327
41853
0
17
85
0725
8
1246
45
827
977
43331
537
67379
17162
752
197
7
63548
9
52034
6
4
489
29
7417
54
1756
3908
66221
48
59
5258
892
92
270
965
2258
1
85233
6
8141
8
8
32
14725
79000
5450
06032
89162
20
4938
95
1148
38346
1088
12
31
6
1
59
39
1
9470
17
9
1
60353
8319
19
52
2
6514
04202
425
850
6895
90
60
8
6
76933
35062
2
6947
43124
060
9927
99
3
6
4002
517
1777
8
3404
4746
32096
7
0792
89
4737
7868
46868
88379
5
080
14218
2
72807
206
40890
93
627
23082
0574
520
2294
6
24941
1
033
0928
24
78
4
59
870
195
7
593
5135
1
5213
371
07
91672
7
31
23
7812
10
628
3
3458
45
8474
4778
2
0
6014
74600
67842
28177
33152
5571
407
671
58680
5621
71285
2
901
65727
5918
21
5975
02
816
10093
55285
144
2
3728
348
08
90
412
245
3
9990
0
26
90
65657
67
2
67
81475
5450
01
3
86814
9
3193
841
765
91
3437
8957
10
977
1
8
162
2361
66
68735
90757
9898
3792
21
41450
24608
438
4259
5433
5281
24062
13
032
402
43568
347
11
0567
8471
24624
16988
1
573
3879
9120
38
88726
754
46088
3
8356
26503
739
79
53
7227
294
2622
42
84
00400
55
087
91
94
726
70898
9546
038
533
879
464
21
48120
6548
3650
725
026
5583
0685
6304
03770
4
75155
4
0992
29
2225
626
73
4
9293
37
5636
71430
2
0742
27177
789
47
509
8
65351
50027
44427
05965
2006
326
1428
4
2
650
56958
48465
372
14797
09901
77338
678
9866
41566
5
26975
84
473
80
76576
47
38867
43443
662
216
38241
61254
944
5
4
817
201
12576
2699
13
81
1
87
9
12
40
3925
11121
3
2
5729
0217
1646
20790
852
7
47
06
47966
71
51721
122
75
1697
083
6572
2
9
9153
66271
1
22750
779
07
872
84
85
08394
35235
917
14571
652
1
8
66
666
762
224
98
17190
54
